3.473745247862367
5.743649851480569
5.743649851480569
5.743649851480569
5.428084605676622
5.428084605676622
6.625962591506007
3.0173010990998224
6.132086564794353
6.132086564794353
3.23354244786902
4.300987791287931
4.7498380114655365
5.428084605676622
6.132086564794353
2.2360540451066995
5.428084605676622
5.165319662302951
5.428084605676622
2.876273118980545
4.433307851220867
3.473745247862367
4.074540016875924
3.117680661967283
5.428084605676622
4.433307851220867
4.942232235537617
4.182100452506063
4.300987791287931
5.428084605676622
1.6684396410429394
6.132086564794353
4.182100452506063
2.986713504528524
6.132086564794353
4.433307851220867
3.117680661967283
5.428084605676622
4.581754475037515
4.7498380114655365
5.428084605676622
5.165319662302951
4.7498380114655365
5.165319662302951
6.132086564794353
9.680191659612971
4.581754475037515
5.428084605676622
5.165319662302951
3.1929635222412576
3.2763112581241653
4.581754475037515
6.625962591506007
4.7498380114655365
4.942232235537617
4.182100452506063
3.23354244786902
2.738990442936796
2.0912140856426022
3.0492541206121033
5.165319662302951
4.942232235537617
3.804641029315433
6.132086564794353
4.942232235537617
2.163874885641803
3.9766336878483757
2.2360540451066995
3.8870338018656616
5.428084605676622
4.182100452506063
6.625962591506007
4.7498380114655365
6.625962591506007
5.165319662302951
7.282455726733179
5.165319662302951
4.581754475037515
5.743649851480569
4.433307851220867
5.428084605676622
4.433307851220867
5.165319662302951
4.581754475037515
5.428084605676622
6.132086564794353
5.428084605676622
5.165319662302951
4.942232235537617
4.433307851220867
4.581754475037515
6.132086564794353
4.942232235537617
2.593596044360771
3.8870338018656616
8.213713583959112
3.473745247862367
1.981718907187772
3.1929635222412576
4.581754475037515
6.132086564794353
5.165319662302951
6.625962591506007
6.132086564794353
4.581754475037515
6.132086564794353
5.165319662302951
2.718758401364672
6.625962591506007
5.428084605676622
3.0173010990998224
3.9766336878483757
5.743649851480569
4.300987791287931
5.165319662302951
4.300987791287931
2.781551221446981
4.7498380114655365
2.163874885641803
5.165319662302951
5.428084605676622
5.165319662302951
3.658001161400863
3.9766336878483757
3.473745247862367
6.132086564794353
4.074540016875924
5.428084605676622
6.132086564794353
6.132086564794353
5.428084605676622
5.428084605676622
5.743649851480569
3.5310982005650273
4.581754475037515
2.034770338892807
4.300987791287931
4.182100452506063
4.182100452506063
6.132086564794353
3.592363716823155
5.165319662302951
6.625962591506007
4.182100452506063
5.165319662302951
5.165319662302951
4.942232235537617
4.7498380114655365
3.1929635222412576
3.419910032608414
4.7498380114655365
3.804641029315433
5.743649851480569
5.428084605676622
5.428084605676622
3.5310982005650273
5.428084605676622
5.743649851480569
2.3320652409615645
4.074540016875924
5.428084605676622
5.743649851480569
3.3692510875949364
6.132086564794353
2.4525747021439126
4.074540016875924
5.743649851480569
5.428084605676622
4.300987791287931
4.942232235537617
5.743649851480569
6.132086564794353
2.8039613478512013
5.428084605676622
2.902251418958154
5.743649851480569
1.898432912707011
4.074540016875924
5.743649851480569
5.428084605676622
2.718758401364672
3.804641029315433
4.433307851220867
6.132086564794353
4.433307851220867
3.2763112581241653
5.743649851480569
4.433307851220867
3.2763112581241653
5.165319662302951
1.8006709659046716
1.7938195422745582
4.7498380114655365
5.743649851480569
4.7498380114655365
4.7498380114655365
6.132086564794353
5.165319662302951
3.9766336878483757
5.428084605676622
8.213713583959112
5.428084605676622
3.804641029315433
6.625962591506007
2.3941345070076663
3.9766336878483757
4.7498380114655365
3.23354244786902
4.581754475037515
4.942232235537617
6.625962591506007
2.0912140856426022
2.294775278071569
4.7498380114655365
6.625962591506007
8.213713583959112
4.942232235537617
4.074540016875924
2.0749670248647654
3.728548612852335
2.8039613478512013
6.625962591506007
3.3214714004850414
3.592363716823155
2.351880435108538
5.743649851480569
5.165319662302951
6.132086564794353
2.577739064122239
5.743649851480569
6.132086564794353
4.581754475037515
4.7498380114655365
2.986713504528524
2.2686640912970657
2.3224599544488718
2.6099105233834514
4.942232235537617
4.074540016875924
5.428084605676622
4.7498380114655365
2.1319832381629658
4.300987791287931
6.132086564794353
5.428084605676622
3.728548612852335
5.428084605676622
6.132086564794353
3.9766336878483757
2.876273118980545
4.182100452506063
4.942232235537617
3.9766336878483757
2.277202131093768
2.718758401364672
3.592363716823155
5.743649851480569
4.300987791287931
6.625962591506007
8.213713583959112
5.743649851480569
4.433307851220867
6.625962591506007
6.132086564794353
3.117680661967283
4.942232235537617
3.5310982005650273
4.182100452506063
1.6497442720685798
2.2520599659537575
5.165319662302951
5.743649851480569
4.074540016875924
4.7498380114655365
5.165319662302951
4.581754475037515
4.581754475037515
5.165319662302951
5.428084605676622
5.743649851480569
4.942232235537617
4.300987791287931
4.581754475037515
5.743649851480569
1.4050919872436924
3.9766336878483757
4.942232235537617
5.428084605676622
2.518490181642778
4.300987791287931
1.3769397332415563
1.5973491275109095
4.7498380114655365
4.942232235537617
3.9766336878483757
4.581754475037515
3.9766336878483757
4.942232235537617
4.182100452506063
3.3692510875949364
1.7679798316089652
1.8622207862092595
2.718758401364672
6.132086564794353
2.7599083472774444
4.581754475037515
4.7498380114655365
3.5310982005650273
2.7599083472774444
4.581754475037515
4.942232235537617
5.428084605676622
6.625962591506007
4.942232235537617
5.743649851480569
3.9766336878483757
4.182100452506063
3.419910032608414
5.428084605676622
6.625962591506007
6.132086564794353
5.165319662302951
3.8870338018656616
2.2360540451066995
5.743649851480569
5.165319662302951
4.182100452506063
2.738990442936796
5.743649851480569
4.182100452506063
5.165319662302951
7.282455726733179
6.625962591506007
4.942232235537617
5.743649851480569
4.074540016875924
1.9182200460796477
5.428084605676622
3.592363716823155
4.300987791287931
3.154395904138797
1.9182200460796477
4.7498380114655365
4.942232235537617
1.9216387116269975
4.182100452506063
3.8870338018656616
5.743649851480569
5.743649851480569
3.3214714004850414
4.7498380114655365
4.7498380114655365
4.7498380114655365
5.743649851480569
4.581754475037515
5.743649851480569
5.428084605676622
5.743649851480569
3.658001161400863
4.7498380114655365
4.942232235537617
3.728548612852335
2.198435644570304
6.625962591506007
5.428084605676622
4.433307851220867
3.154395904138797
4.942232235537617
6.132086564794353
2.902251418958154
3.2763112581241653
4.7498380114655365
5.165319662302951
5.428084605676622
5.165319662302951
2.902251418958154
3.0173010990998224
4.7498380114655365
3.5310982005650273
2.8271845224364722
4.7498380114655365
4.7498380114655365
4.300987791287931
6.132086564794353
3.9766336878483757
3.592363716823155
3.473745247862367
6.132086564794353
5.165319662302951
4.581754475037515
5.165319662302951
5.165319662302951
3.658001161400863
5.165319662302951
5.428084605676622
6.132086564794353
4.942232235537617
6.132086564794353
5.165319662302951
4.942232235537617
4.074540016875924
4.581754475037515
3.0492541206121033
4.7498380114655365
3.1929635222412576
5.743649851480569
3.3692510875949364
5.165319662302951
5.428084605676622
5.428084605676622
4.581754475037515
3.592363716823155
6.132086564794353
7.282455726733179
5.428084605676622
5.743649851480569
6.625962591506007
3.419910032608414
3.8870338018656616
2.5046339722137247
5.743649851480569
4.7498380114655365
5.165319662302951
3.658001161400863
4.581754475037515
5.428084605676622
4.7498380114655365
4.182100452506063
5.165319662302951
5.428084605676622
4.074540016875924
6.625962591506007
4.182100452506063
2.2057009434973707
4.300987791287931
7.282455726733179
4.942232235537617
4.433307851220867
1.6602437839783029
4.074540016875924
5.165319662302951
5.428084605676622
4.433307851220867
6.132086564794353
1.7539610410224429
3.8870338018656616
4.433307851220867
6.625962591506007
4.7498380114655365
4.433307851220867
5.428084605676622
5.165319662302951
2.8512704378754457
2.699175991536412
8.213713583959112
3.804641029315433
2.986713504528524
6.132086564794353
3.0492541206121033
4.942232235537617
5.165319662302951
4.7498380114655365
5.165319662302951
2.096785408414236
5.428084605676622
2.518490181642778
2.738990442936796
5.743649851480569
4.182100452506063
4.942232235537617
4.581754475037515
6.132086564794353
4.433307851220867
5.743649851480569
3.728548612852335
4.300987791287931
3.728548612852335
2.781551221446981
4.942232235537617
6.132086564794353
5.743649851480569
4.942232235537617
5.428084605676622
1.6589051631385638
5.165319662302951
5.165319662302951
4.433307851220867
6.132086564794353
3.154395904138797
3.2763112581241653
3.1929635222412576
1.4606434664432133
4.942232235537617
3.592363716823155
4.300987791287931
4.433307851220867
6.132086564794353
5.743649851480569
7.282455726733179
3.23354244786902
4.581754475037515
4.942232235537617
4.942232235537617
3.5310982005650273
7.282455726733179
1.904894409869733
5.165319662302951
6.625962591506007
4.581754475037515
3.8870338018656616
5.428084605676622
3.9766336878483757
4.942232235537617
5.743649851480569
3.658001161400863
5.743649851480569
2.781551221446981
4.581754475037515
4.433307851220867
5.165319662302951
3.117680661967283
3.8870338018656616
4.433307851220867
5.743649851480569
5.428084605676622
4.7498380114655365
2.4911282756965765
4.433307851220867
5.428084605676622
4.433307851220867
5.428084605676622
3.23354244786902
4.7498380114655365
4.7498380114655365
5.428084605676622
4.581754475037515
2.8512704378754457
1.5263088657651238
5.743649851480569
3.2763112581241653
5.428084605676622
4.942232235537617
4.942232235537617
2.5623188510447292
3.9766336878483757
2.428382150264757
4.7498380114655365
4.942232235537617
4.433307851220867
4.942232235537617
5.743649851480569
3.658001161400863
4.7498380114655365
5.165319662302951
4.581754475037515
3.5310982005650273
3.473745247862367
4.581754475037515
5.165319662302951
2.518490181642778
3.804641029315433
4.300987791287931
3.0492541206121033
4.300987791287931
3.592363716823155
5.428084605676622
5.743649851480569
5.165319662302951
4.300987791287931
2.902251418958154
6.625962591506007
3.117680661967283
4.074540016875924
3.592363716823155
3.3692510875949364
6.625962591506007
2.2686640912970657
5.165319662302951
5.428084605676622
5.165319662302951
2.986713504528524
4.942232235537617
3.3692510875949364
3.9766336878483757
3.9766336878483757
4.942232235537617
6.132086564794353
4.433307851220867
4.433307851220867
8.213713583959112
5.165319662302951
3.23354244786902
4.300987791287931
4.7498380114655365
3.5310982005650273
5.743649851480569
4.182100452506063
2.8512704378754457
5.165319662302951
5.165319662302951
3.3692510875949364
3.5310982005650273
4.433307851220867
4.942232235537617
4.074540016875924
4.7498380114655365
3.3214714004850414
5.428084605676622
5.428084605676622
3.5310982005650273
5.428084605676622
3.5310982005650273
6.132086564794353
4.942232235537617
3.804641029315433
7.282455726733179
2.9573979181364236
5.743649851480569
4.7498380114655365
4.7498380114655365
3.5310982005650273
3.082675822784044
2.7599083472774444
6.625962591506007
6.132086564794353
4.433307851220867
5.743649851480569
5.165319662302951
4.300987791287931
4.182100452506063
3.728548612852335
4.7498380114655365
4.433307851220867
5.743649851480569
6.625962591506007
2.2520599659537575
3.804641029315433
4.433307851220867
5.428084605676622
4.581754475037515
2.986713504528524
4.581754475037515
2.184267833489832
2.518490181642778
6.132086564794353
5.165319662302951
5.428084605676622
4.074540016875924
3.9766336878483757
2.465111814307034
2.0395639883165773
3.9766336878483757
3.3692510875949364
4.182100452506063
3.419910032608414
5.743649851480569
3.9766336878483757
2.163874885641803
4.581754475037515
4.581754475037515
5.743649851480569
5.165319662302951
4.581754475037515
3.658001161400863
4.7498380114655365
4.300987791287931
2.9573979181364236
5.428084605676622
2.738990442936796
5.428084605676622
3.473745247862367
5.428084605676622
3.804641029315433
4.7498380114655365
4.300987791287931
5.165319662302951
2.7599083472774444
6.132086564794353
2.9573979181364236
2.8512704378754457
3.804641029315433
2.929269586795992
4.942232235537617
4.074540016875924
2.986713504528524
4.7498380114655365
3.592363716823155
7.282455726733179
5.743649851480569
5.743649851480569
4.942232235537617
4.942232235537617
4.300987791287931
3.804641029315433
5.165319662302951
6.132086564794353
3.3214714004850414
3.419910032608414
2.8039613478512013
6.132086564794353
5.743649851480569
5.428084605676622
4.074540016875924
5.165319662302951
1.7983686800237204
3.728548612852335
5.428084605676622
2.986713504528524
2.1024376458944616
5.165319662302951
5.743649851480569
2.3418697706520644
2.5623188510447292
4.182100452506063
4.581754475037515
4.300987791287931
5.428084605676622
4.182100452506063
2.2282644727309764
3.8870338018656616
5.165319662302951
5.428084605676622
4.942232235537617
4.7498380114655365
4.7498380114655365
3.592363716823155
6.132086564794353
2.661827958950622
3.9766336878483757
3.154395904138797
5.428084605676622
5.428084605676622
4.581754475037515
5.743649851480569
5.428084605676622
2.8512704378754457
2.738990442936796
2.2602849724958305
3.8870338018656616
4.7498380114655365
4.074540016875924
4.581754475037515
4.433307851220867
4.7498380114655365
3.9766336878483757
1.9321139408910573
2.7599083472774444
3.658001161400863
4.300987791287931
1.946617090301876
5.165319662302951
4.074540016875924
3.23354244786902
4.7498380114655365
2.8039613478512013
4.433307851220867
3.419910032608414
4.581754475037515
4.182100452506063
2.4779587389920934
6.625962591506007
4.7498380114655365
3.658001161400863
4.074540016875924
3.1929635222412576
2.986713504528524
2.593596044360771
3.23354244786902
5.428084605676622
1.5093922266536661
4.433307851220867
3.154395904138797
4.942232235537617
2.699175991536412
5.743649851480569
4.7498380114655365
4.433307851220867
1.8124696871751955
2.2360540451066995
4.942232235537617
1.885890863582754
7.282455726733179
2.184267833489832
5.165319662302951
4.581754475037515
2.277202131093768
4.7498380114655365
2.902251418958154
6.625962591506007
4.433307851220867
4.942232235537617
4.581754475037515
5.743649851480569
6.625962591506007
5.165319662302951
8.213713583959112
5.743649851480569
2.351880435108538
4.074540016875924
5.165319662302951
3.728548612852335
6.625962591506007
4.300987791287931
5.165319662302951
2.2360540451066995
3.23354244786902
4.433307851220867
4.942232235537617
4.182100452506063
5.428084605676622
4.7498380114655365
5.428084605676622
7.282455726733179
3.592363716823155
2.9573979181364236
4.581754475037515
2.5623188510447292
5.743649851480569
3.804641029315433
5.428084605676622
5.165319662302951
3.804641029315433
6.625962591506007
5.743649851480569
5.165319662302951
2.781551221446981
1.596339083084582
5.428084605676622
5.743649851480569
4.581754475037515
5.165319662302951
4.581754475037515
2.5327121247875386
4.182100452506063
3.23354244786902
4.300987791287931
5.743649851480569
3.658001161400863
3.117680661967283
4.433307851220867
5.743649851480569
5.428084605676622
2.644002006844397
2.6267046287666407
4.7498380114655365
4.942232235537617
4.300987791287931
4.074540016875924
4.433307851220867
2.902251418958154
6.625962591506007
6.132086564794353
5.428084605676622
5.743649851480569
6.132086564794353
5.165319662302951
3.154395904138797
4.7498380114655365
5.165319662302951
2.8271845224364722
4.182100452506063
2.405291776964204
4.7498380114655365
3.592363716823155
4.942232235537617
2.3224599544488718
4.300987791287931
5.428084605676622
3.658001161400863
3.658001161400863
4.942232235537617
4.300987791287931
4.7498380114655365
2.7599083472774444
5.428084605676622
6.132086564794353
6.132086564794353
4.074540016875924
3.8870338018656616
2.781551221446981
2.577739064122239
4.942232235537617
5.743649851480569
1.9321139408910573
5.428084605676622
3.0173010990998224
6.625962591506007
4.942232235537617
4.433307851220867
5.428084605676622
5.428084605676622
2.781551221446981
4.942232235537617
4.300987791287931
5.428084605676622
4.7498380114655365
1.3909138861852615
5.428084605676622
3.9766336878483757
3.2763112581241653
4.581754475037515
5.428084605676622
4.300987791287931
3.473745247862367
3.3692510875949364
4.074540016875924
5.743649851480569
4.7498380114655365
4.300987791287931
4.433307851220867
4.433307851220867
4.581754475037515
3.728548612852335
3.117680661967283
5.165319662302951
4.7498380114655365
4.300987791287931
4.182100452506063
4.7498380114655365
4.300987791287931
5.743649851480569
3.1929635222412576
5.165319662302951
5.743649851480569
2.781551221446981
6.625962591506007
6.132086564794353
5.743649851480569
3.592363716823155
1.8593857993962541
5.165319662302951
5.165319662302951
4.581754475037515
4.942232235537617
2.096785408414236
3.3692510875949364
5.165319662302951
2.699175991536412
5.428084605676622
3.5310982005650273
3.658001161400863
5.165319662302951
5.165319662302951
6.132086564794353
5.743649851480569
4.7498380114655365
3.804641029315433
5.428084605676622
8.213713583959112
3.728548612852335
3.473745247862367
4.7498380114655365
4.7498380114655365
2.986713504528524
3.804641029315433
2.351880435108538
3.3692510875949364
5.165319662302951
5.165319662302951
4.942232235537617
5.165319662302951
3.3692510875949364
4.581754475037515
5.165319662302951
4.942232235537617
5.165319662302951
5.428084605676622
4.942232235537617
3.23354244786902
1.5335323288246605
2.096785408414236
5.743649851480569
4.300987791287931
5.743649851480569
4.7498380114655365
5.743649851480569
5.165319662302951
3.0173010990998224
4.074540016875924
5.165319662302951
4.942232235537617
4.300987791287931
5.428084605676622
4.581754475037515
5.165319662302951
5.428084605676622
5.428084605676622
2.7599083472774444
4.7498380114655365
7.282455726733179
6.625962591506007
3.592363716823155
5.428084605676622
8.213713583959112
1.4277710090004256
4.7498380114655365
4.7498380114655365
6.625962591506007
3.473745247862367
4.433307851220867
4.074540016875924
3.419910032608414
3.473745247862367
4.433307851220867
5.165319662302951
6.132086564794353
2.1444415711714635
6.132086564794353
4.581754475037515
4.074540016875924
12.495983369020475
1.502419918124875
4.182100452506063
4.433307851220867
4.581754475037515
5.165319662302951
5.743649851480569
4.433307851220867
3.9766336878483757
4.581754475037515
5.165319662302951
5.165319662302951
6.625962591506007
2.1508173281480145
5.428084605676622
2.929269586795992
2.1319832381629658
6.132086564794353
8.213713583959112
5.743649851480569
5.428084605676622
5.165319662302951
5.743649851480569
4.433307851220867
3.8870338018656616
3.154395904138797
3.728548612852335
3.3214714004850414
4.581754475037515
4.074540016875924
5.428084605676622
5.428084605676622
4.074540016875924
6.132086564794353
2.8271845224364722
4.182100452506063
5.165319662302951
3.592363716823155
5.428084605676622
3.1929635222412576
4.433307851220867
4.182100452506063
3.9766336878483757
2.184267833489832
5.743649851480569
2.738990442936796
6.132086564794353
3.3692510875949364
4.7498380114655365
5.165319662302951
5.743649851480569
5.743649851480569
2.2602849724958305
3.9766336878483757
5.428084605676622
3.3692510875949364
3.9766336878483757
4.433307851220867
3.592363716823155
3.728548612852335
5.165319662302951
3.082675822784044
5.743649851480569
3.154395904138797
2.2859041120988755
4.7498380114655365
7.282455726733179
3.9766336878483757
4.581754475037515
6.132086564794353
6.132086564794353
4.074540016875924
5.743649851480569
4.942232235537617
4.433307851220867
6.132086564794353
5.428084605676622
6.625962591506007
6.132086564794353
7.282455726733179
2.718758401364672
5.165319662302951
5.428084605676622
4.182100452506063
3.2763112581241653
6.132086564794353
3.2763112581241653
3.8870338018656616
5.165319662302951
3.804641029315433
5.743649851480569
3.728548612852335
5.165319662302951
5.428084605676622
3.592363716823155
3.23354244786902
2.2130917519921085
4.182100452506063
3.9766336878483757
4.7498380114655365
3.592363716823155
5.165319662302951
5.428084605676622
4.942232235537617
3.3692510875949364
5.428084605676622
3.9766336878483757
4.300987791287931
4.182100452506063
5.165319662302951
4.7498380114655365
3.658001161400863
4.7498380114655365
6.132086564794353
2.738990442936796
4.7498380114655365
5.743649851480569
5.165319662302951
6.132086564794353
5.165319662302951
3.592363716823155
4.182100452506063
5.165319662302951
5.428084605676622
3.3692510875949364
2.577739064122239
3.8870338018656616
3.3214714004850414
3.5310982005650273
3.8870338018656616
3.5310982005650273
1.5836319372747538
5.743649851480569
4.300987791287931
4.182100452506063
1.9858493124784977
4.300987791287931
5.743649851480569
3.3692510875949364
3.5310982005650273
6.625962591506007
3.592363716823155
1.5528871367558725
2.929269586795992
3.658001161400863
3.804641029315433
4.7498380114655365
3.804641029315433
6.132086564794353
3.728548612852335
5.743649851480569
5.743649851480569
2.9573979181364236
3.804641029315433
4.074540016875924
3.804641029315433
4.581754475037515
2.876273118980545
4.7498380114655365
2.5623188510447292
2.9573979181364236
2.044420752690778
5.165319662302951
4.942232235537617
4.7498380114655365
3.0173010990998224
2.738990442936796
3.3214714004850414
5.165319662302951
3.117680661967283
4.300987791287931
4.182100452506063
3.8870338018656616
5.428084605676622
5.165319662302951
5.743649851480569
4.433307851220867
4.074540016875924
2.3941345070076663
4.433307851220867
5.743649851480569
7.282455726733179
3.117680661967283
2.699175991536412
1.5770984274397368
6.625962591506007
5.428084605676622
1.946617090301876
5.165319662302951
5.428084605676622
2.876273118980545
4.942232235537617
1.9656721509590205
4.433307851220867
2.661827958950622
1.6131023206521329
3.804641029315433
3.3214714004850414
4.942232235537617
2.277202131093768
5.165319662302951
3.658001161400863
3.082675822784044
4.581754475037515
3.592363716823155
1.8298417831186047
3.3692510875949364
4.7498380114655365
4.581754475037515
4.942232235537617
7.282455726733179
3.8870338018656616
3.658001161400863
6.132086564794353
4.942232235537617
5.428084605676622
6.132086564794353
5.428084605676622
4.942232235537617
5.743649851480569
4.942232235537617
4.942232235537617
4.581754475037515
3.592363716823155
4.942232235537617
5.743649851480569
2.929269586795992
4.300987791287931
5.743649851480569
5.743649851480569
4.433307851220867
5.428084605676622
3.728548612852335
2.184267833489832
3.8870338018656616
5.428084605676622
5.428084605676622
2.876273118980545
4.074540016875924
5.428084605676622
5.428084605676622
4.7498380114655365
2.170562117149139
5.165319662302951
6.625962591506007
4.581754475037515
5.165319662302951
4.182100452506063
3.3692510875949364
7.282455726733179
5.165319662302951
3.728548612852335
2.1139927376149044
4.581754475037515
5.165319662302951
5.743649851480569
5.165319662302951
4.433307851220867
3.0173010990998224
3.2763112581241653
5.428084605676622
4.182100452506063
4.182100452506063
2.929269586795992
4.942232235537617
6.132086564794353
5.743649851480569
4.182100452506063
5.165319662302951
4.300987791287931
4.581754475037515
5.743649851480569
5.165319662302951
3.9766336878483757
3.8870338018656616
4.433307851220867
5.428084605676622
3.154395904138797
5.428084605676622
3.154395904138797
3.9766336878483757
4.942232235537617
4.182100452506063
5.428084605676622
3.082675822784044
3.9766336878483757
4.433307851220867
2.593596044360771
4.942232235537617
5.165319662302951
3.8870338018656616
3.3214714004850414
4.942232235537617
5.428084605676622
3.8870338018656616
4.300987791287931
4.433307851220867
4.182100452506063
4.7498380114655365
5.428084605676622
7.282455726733179
5.428084605676622
4.182100452506063
2.929269586795992
4.942232235537617
4.581754475037515
5.165319662302951
6.625962591506007
1.9285850193140135
2.718758401364672
4.942232235537617
5.165319662302951
5.743649851480569
3.473745247862367
2.5623188510447292
5.165319662302951
4.7498380114655365
4.433307851220867
3.082675822784044
4.300987791287931
1.6562507117770289
4.581754475037515
5.743649851480569
4.182100452506063
2.9573979181364236
2.4525747021439126
5.743649851480569
3.5310982005650273
4.300987791287931
3.3214714004850414
5.428084605676622
4.433307851220867
4.581754475037515
4.433307851220867
1.7893427063451832
5.428084605676622
2.9573979181364236
4.942232235537617
5.428084605676622
3.117680661967283
3.2763112581241653
8.213713583959112
5.428084605676622
4.942232235537617
4.433307851220867
5.428084605676622
2.699175991536412
4.182100452506063
4.433307851220867
5.743649851480569
2.986713504528524
5.428084605676622
4.7498380114655365
4.942232235537617
6.132086564794353
3.728548612852335
5.743649851480569
5.165319662302951
6.132086564794353
4.300987791287931
2.738990442936796
3.3692510875949364
3.8870338018656616
4.581754475037515
3.3692510875949364
3.0173010990998224
1.8222694842134968
2.0749670248647654
4.7498380114655365
2.1319832381629658
5.165319662302951
2.902251418958154
5.428084605676622
3.9766336878483757
4.581754475037515
5.743649851480569
5.428084605676622
4.300987791287931
5.165319662302951
4.300987791287931
5.165319662302951
2.3621044623359073
3.728548612852335
5.743649851480569
3.592363716823155
6.132086564794353
4.074540016875924
3.728548612852335
3.23354244786902
3.2763112581241653
5.165319662302951
4.7498380114655365
5.428084605676622
4.942232235537617
5.743649851480569
4.942232235537617
4.942232235537617
5.428084605676622
4.182100452506063
3.658001161400863
3.9766336878483757
2.54731595855469
4.300987791287931
2.54731595855469
6.132086564794353
4.942232235537617
4.182100452506063
1.6842399689370602
6.625962591506007
2.644002006844397
4.942232235537617
6.132086564794353
2.428382150264757
2.4911282756965765
5.428084605676622
5.165319662302951
4.942232235537617
4.942232235537617
5.165319662302951
4.942232235537617
5.743649851480569
6.132086564794353
4.581754475037515
5.743649851480569
5.428084605676622
5.428084605676622
3.728548612852335
1.6397020977081604
4.182100452506063
2.9573979181364236
5.165319662302951
5.428084605676622
6.132086564794353
5.165319662302951
7.282455726733179
1.7784548199404036
4.942232235537617
5.428084605676622
5.428084605676622
1.8483030938363256
5.428084605676622
2.902251418958154
6.625962591506007
4.581754475037515
5.428084605676622
4.300987791287931
4.581754475037515
3.5310982005650273
6.625962591506007
6.132086564794353
4.7498380114655365
1.7700430358701922
5.428084605676622
4.7498380114655365
4.300987791287931
2.876273118980545
5.743649851480569
1.6536261780343358
4.182100452506063
2.0857217893632756
3.592363716823155
3.473745247862367
5.428084605676622
4.942232235537617
4.433307851220867
4.942232235537617
4.7498380114655365
1.9392866373330793
4.581754475037515
3.5310982005650273
4.433307851220867
2.3941345070076663
4.300987791287931
4.581754475037515
4.581754475037515
4.300987791287931
2.5623188510447292
3.3692510875949364
4.7498380114655365
3.592363716823155
4.433307851220867
5.428084605676622
3.419910032608414
5.165319662302951
4.581754475037515
4.074540016875924
1.9016473496250996
3.728548612852335
2.3832233289337736
5.165319662302951
4.074540016875924
5.428084605676622
6.625962591506007
2.876273118980545
2.3832233289337736
4.074540016875924
5.743649851480569
4.7498380114655365
6.625962591506007
5.428084605676622
5.165319662302951
3.117680661967283
5.743649851480569
2.7599083472774444
4.942232235537617
5.165319662302951
2.9573979181364236
3.5310982005650273
2.661827958950622
4.942232235537617
4.942232235537617
3.3692510875949364
5.428084605676622
5.165319662302951
6.132086564794353
2.661827958950622
4.942232235537617
4.074540016875924
4.942232235537617
4.7498380114655365
4.942232235537617
2.902251418958154
2.3941345070076663
5.743649851480569
4.182100452506063
1.9285850193140135
8.213713583959112
4.074540016875924
3.658001161400863
4.7498380114655365
4.7498380114655365
4.942232235537617
2.699175991536412
2.929269586795992
3.0492541206121033
3.8870338018656616
6.132086564794353
1.83500048737777
4.300987791287931
4.7498380114655365
3.804641029315433
3.0173010990998224
2.3832233289337736
5.428084605676622
2.096785408414236
3.728548612852335
4.7498380114655365
3.2763112581241653
3.8870338018656616
4.182100452506063
3.804641029315433
3.2763112581241653
3.117680661967283
2.738990442936796
4.7498380114655365
4.433307851220867
3.1929635222412576
4.581754475037515
4.433307851220867
3.473745247862367
5.428084605676622
7.282455726733179
6.625962591506007
5.743649851480569
2.465111814307034
3.5310982005650273
4.300987791287931
2.3130473361334376
2.986713504528524
5.743649851480569
8.213713583959112
3.658001161400863
4.300987791287931
5.165319662302951
1.7500864259111317
5.165319662302951
3.9766336878483757
6.132086564794353
4.433307851220867
3.117680661967283
4.300987791287931
5.743649851480569
4.942232235537617
4.074540016875924
1.530609575063767
5.428084605676622
7.282455726733179
3.728548612852335
5.428084605676622
5.428084605676622
5.165319662302951
4.7498380114655365
6.625962591506007
4.581754475037515
3.419910032608414
7.282455726733179
6.625962591506007
4.074540016875924
4.074540016875924
3.154395904138797
3.8870338018656616
4.942232235537617
6.625962591506007
5.428084605676622
6.132086564794353
5.165319662302951
4.581754475037515
4.581754475037515
4.942232235537617
4.581754475037515
3.8870338018656616
3.804641029315433
4.942232235537617
3.8870338018656616
2.54731595855469
3.592363716823155
6.132086564794353
1.2590295035577903
5.165319662302951
4.7498380114655365
4.942232235537617
5.428084605676622
4.300987791287931
3.1929635222412576
4.074540016875924
6.625962591506007
5.428084605676622
4.074540016875924
3.3214714004850414
3.8870338018656616
7.282455726733179
4.581754475037515
3.728548612852335
2.781551221446981
5.428084605676622
6.132086564794353
6.625962591506007
4.182100452506063
6.625962591506007
5.428084605676622
3.3214714004850414
5.743649851480569
3.9766336878483757
4.300987791287931
2.593596044360771
3.804641029315433
4.433307851220867
7.282455726733179
1.946617090301876
3.473745247862367
5.428084605676622
4.7498380114655365
2.405291776964204
4.300987791287931
3.419910032608414
7.282455726733179
2.277202131093768
4.7498380114655365
5.428084605676622
4.581754475037515
4.581754475037515
5.428084605676622
4.300987791287931
5.428084605676622
1.8650822883023292
2.3130473361334376
5.428084605676622
5.165319662302951
5.743649851480569
5.165319662302951
5.428084605676622
4.433307851220867
4.433307851220867
2.9573979181364236
5.743649851480569
3.658001161400863
5.743649851480569
5.428084605676622
5.743649851480569
4.300987791287931
3.23354244786902
4.074540016875924
6.132086564794353
2.577739064122239
1.7578925957371636
4.942232235537617
5.428084605676622
2.5327121247875386
3.8870338018656616
4.581754475037515
3.419910032608414
4.581754475037515
5.165319662302951
6.132086564794353
4.7498380114655365
3.8870338018656616
4.581754475037515
2.738990442936796
4.942232235537617
3.9766336878483757
5.743649851480569
2.3725494380978716
5.165319662302951
4.182100452506063
2.4525747021439126
6.132086564794353
4.074540016875924
4.7498380114655365
5.165319662302951
6.625962591506007
5.165319662302951
3.2763112581241653
4.433307851220867
5.428084605676622
4.182100452506063
2.8271845224364722
4.182100452506063
3.5310982005650273
5.743649851480569
3.5310982005650273
4.7498380114655365
2.3038211092377963
3.5310982005650273
3.3692510875949364
5.165319662302951
4.300987791287931
3.8870338018656616
5.743649851480569
5.165319662302951
6.132086564794353
4.433307851220867
4.7498380114655365
1.6948595189500684
5.165319662302951
3.9766336878483757
4.433307851220867
1.589401059262166
4.942232235537617
6.132086564794353
5.743649851480569
5.428084605676622
4.7498380114655365
4.581754475037515
6.132086564794353
5.428084605676622
2.4403352991383276
4.433307851220867
5.428084605676622
1.6421715636443641
5.428084605676622
4.942232235537617
4.182100452506063
5.165319662302951
4.942232235537617
4.942232235537617
5.743649851480569
3.804641029315433
3.8870338018656616
3.9766336878483757
4.182100452506063
3.728548612852335
5.428084605676622
4.581754475037515
2.4403352991383276
3.8870338018656616
3.0492541206121033
7.282455726733179
8.213713583959112
3.082675822784044
5.743649851480569
3.23354244786902
1.3701983998070266
6.132086564794353
4.300987791287931
2.3725494380978716
5.165319662302951
2.3941345070076663
1.6242780492604578
4.581754475037515
4.7498380114655365
6.132086564794353
2.738990442936796
5.165319662302951
3.8870338018656616
3.2763112581241653
4.942232235537617
4.942232235537617
3.8870338018656616
2.54731595855469
2.929269586795992
4.581754475037515
5.428084605676622
2.9573979181364236
3.5310982005650273
3.804641029315433
4.074540016875924
4.942232235537617
4.074540016875924
3.8870338018656616
3.3692510875949364
2.030038466280862
4.581754475037515
4.182100452506063
4.433307851220867
6.132086564794353
3.658001161400863
5.428084605676622
4.300987791287931
2.644002006844397
3.728548612852335
4.074540016875924
4.942232235537617
3.804641029315433
6.132086564794353
5.428084605676622
3.117680661967283
3.804641029315433
1.957921311351511
6.132086564794353
6.132086564794353
3.3214714004850414
6.132086564794353
4.942232235537617
4.942232235537617
4.433307851220867
5.165319662302951
3.804641029315433
3.728548612852335
5.743649851480569
6.132086564794353
4.300987791287931
1.9081746417352572
2.0697010743274564
5.165319662302951
4.182100452506063
2.0162007068130054
3.0173010990998224
3.2763112581241653
3.592363716823155
6.625962591506007
4.7498380114655365
3.1929635222412576
3.5310982005650273
2.902251418958154
3.117680661967283
3.3214714004850414
5.428084605676622
5.743649851480569
4.581754475037515
2.876273118980545
5.165319662302951
5.743649851480569
2.8039613478512013
4.7498380114655365
6.132086564794353
5.743649851480569
4.074540016875924
3.592363716823155
5.428084605676622
5.743649851480569
5.743649851480569
4.942232235537617
6.132086564794353
2.986713504528524
4.074540016875924
3.8870338018656616
5.428084605676622
3.1929635222412576
5.165319662302951
5.165319662302951
5.743649851480569
3.658001161400863
3.473745247862367
5.743649851480569
1.8222694842134968
4.7498380114655365
4.942232235537617
4.7498380114655365
4.182100452506063
4.581754475037515
5.165319662302951
6.625962591506007
5.165319662302951
3.3214714004850414
4.433307851220867
4.7498380114655365
5.165319662302951
5.743649851480569
4.300987791287931
4.942232235537617
5.743649851480569
4.942232235537617
3.804641029315433
3.728548612852335
3.8870338018656616
1.4611309433993602
1.961774727743085
4.581754475037515
6.625962591506007
3.23354244786902
4.581754475037515
3.23354244786902
1.904894409869733
3.1929635222412576
4.433307851220867
5.165319662302951
6.132086564794353
4.942232235537617
2.8271845224364722
6.625962591506007
2.8039613478512013
5.428084605676622
1.6887348640490272
4.942232235537617
4.942232235537617
6.625962591506007
3.804641029315433
3.9766336878483757
2.680209592869155
3.804641029315433
5.428084605676622
4.182100452506063
4.942232235537617
6.625962591506007
5.428084605676622
5.743649851480569
5.165319662302951
3.728548612852335
4.300987791287931
3.419910032608414
4.581754475037515
3.804641029315433
3.728548612852335
2.2520599659537575
5.743649851480569
3.9766336878483757
4.433307851220867
5.165319662302951
5.165319662302951
1.898432912707011
4.942232235537617
2.577739064122239
3.473745247862367
2.902251418958154
4.433307851220867
3.9766336878483757
4.182100452506063
6.625962591506007
1.7983686800237204
3.9766336878483757
5.743649851480569
6.132086564794353
5.165319662302951
2.198435644570304
1.6842399689370602
5.428084605676622
3.592363716823155
1.7175690405566528
4.942232235537617
5.743649851480569
2.198435644570304
3.3214714004850414
6.132086564794353
4.581754475037515
4.182100452506063
3.082675822784044
1.5166442818233978
4.581754475037515
6.132086564794353
4.182100452506063
5.743649851480569
4.7498380114655365
3.9766336878483757
6.132086564794353
4.7498380114655365
5.428084605676622
4.074540016875924
2.0645071810365225
6.625962591506007
4.581754475037515
4.7498380114655365
5.165319662302951
3.8870338018656616
3.728548612852335
3.117680661967283
6.132086564794353
5.165319662302951
5.428084605676622
6.132086564794353
3.473745247862367
2.986713504528524
5.428084605676622
4.581754475037515
5.428084605676622
4.433307851220867
4.074540016875924
4.7498380114655365
5.743649851480569
2.277202131093768
2.718758401364672
4.300987791287931
4.581754475037515
3.592363716823155
4.942232235537617
3.9766336878483757
4.7498380114655365
3.5310982005650273
5.165319662302951
5.165319662302951
6.132086564794353
4.433307851220867
2.5327121247875386
4.300987791287931
3.1929635222412576
5.165319662302951
6.625962591506007
3.804641029315433
5.743649851480569
5.743649851480569
4.074540016875924
5.165319662302951
4.7498380114655365
3.8870338018656616
1.7333202523484081
4.581754475037515
6.132086564794353
3.23354244786902
5.165319662302951
8.213713583959112
4.074540016875924
2.738990442936796
2.718758401364672
2.465111814307034
5.428084605676622
6.625962591506007
5.428084605676622
2.9573979181364236
1.9429317891595839
3.804641029315433
3.804641029315433
5.743649851480569
4.182100452506063
5.428084605676622
4.942232235537617
3.3692510875949364
4.7498380114655365
5.743649851480569
6.132086564794353
3.5310982005650273
5.165319662302951
3.9766336878483757
5.428084605676622
4.7498380114655365
5.165319662302951
4.074540016875924
4.182100452506063
5.428084605676622
3.8870338018656616
5.165319662302951
3.5310982005650273
3.2763112581241653
1.4945169877937405
5.165319662302951
1.5983640080490167
5.428084605676622
1.8920997779858917
5.743649851480569
3.9766336878483757
4.942232235537617
7.282455726733179
6.132086564794353
5.165319662302951
3.082675822784044
5.743649851480569
5.165319662302951
3.3692510875949364
3.658001161400863
3.658001161400863
3.8870338018656616
5.165319662302951
1.7578925957371636
5.165319662302951
6.625962591506007
5.743649851480569
5.428084605676622
2.0253670715130148
4.581754475037515
5.743649851480569
1.9016473496250996
3.8870338018656616
2.8271845224364722
5.428084605676622
3.473745247862367
3.728548612852335
2.2439844631271315
4.433307851220867
3.473745247862367
3.804641029315433
5.428084605676622
4.581754475037515
4.074540016875924
4.074540016875924
4.433307851220867
5.428084605676622
2.902251418958154
3.804641029315433
5.428084605676622
3.2763112581241653
5.428084605676622
3.23354244786902
5.428084605676622
2.876273118980545
3.5310982005650273
6.132086564794353
4.942232235537617
5.165319662302951
4.074540016875924
5.428084605676622
5.165319662302951
5.743649851480569
6.132086564794353
4.581754475037515
5.743649851480569
2.1912923867257064
5.165319662302951
5.165319662302951
5.428084605676622
4.942232235537617
4.942232235537617
5.428084605676622
5.165319662302951
5.165319662302951
2.3418697706520644
4.182100452506063
5.428084605676622
1.9858493124784977
4.7498380114655365
5.165319662302951
4.7498380114655365
6.132086564794353
4.074540016875924
2.2859041120988755
3.804641029315433
3.8870338018656616
4.7498380114655365
4.433307851220867
5.428084605676622
4.074540016875924
2.2057009434973707
4.942232235537617
2.718758401364672
3.5310982005650273
3.9766336878483757
3.728548612852335
3.658001161400863
3.419910032608414
5.428084605676622
5.428084605676622
2.049342010851812
4.942232235537617
4.182100452506063
6.625962591506007
6.132086564794353
5.743649851480569
4.581754475037515
3.9766336878483757
3.9766336878483757
5.165319662302951
3.9766336878483757
6.625962591506007
3.658001161400863
3.2763112581241653
4.942232235537617
5.428084605676622
3.23354244786902
5.428084605676622
1.9250934920491964
1.7559196151613221
6.132086564794353
5.165319662302951
2.8512704378754457
5.165319662302951
4.433307851220867
5.165319662302951
4.942232235537617
6.132086564794353
6.625962591506007
4.300987791287931
2.593596044360771
4.942232235537617
6.132086564794353
3.592363716823155
4.433307851220867
1.4748679841049337
4.942232235537617
4.7498380114655365
2.8271845224364722
5.165319662302951
3.23354244786902
3.592363716823155
5.743649851480569
4.074540016875924
3.804641029315433
5.165319662302951
4.7498380114655365
4.581754475037515
4.7498380114655365
5.428084605676622
4.581754475037515
4.433307851220867
6.625962591506007
3.9766336878483757
5.743649851480569
3.0492541206121033
5.743649851480569
2.9573979181364236
2.465111814307034
1.9900290695854834
4.300987791287931
4.182100452506063
3.658001161400863
3.3214714004850414
3.154395904138797
4.942232235537617
5.165319662302951
5.428084605676622
4.182100452506063
5.743649851480569
5.743649851480569
3.3692510875949364
5.428084605676622
4.074540016875924
5.428084605676622
6.625962591506007
5.165319662302951
6.625962591506007
5.428084605676622
3.592363716823155
2.1773587740289626
4.074540016875924
3.419910032608414
5.165319662302951
4.942232235537617
8.213713583959112
5.743649851480569
3.9766336878483757
4.433307851220867
3.658001161400863
5.428084605676622
5.428084605676622
1.7805985213998174
1.885890863582754
2.465111814307034
4.942232235537617
4.433307851220867
3.3214714004850414
2.577739064122239
2.8512704378754457
3.9766336878483757
6.625962591506007
4.581754475037515
2.1508173281480145
4.7498380114655365
3.592363716823155
6.132086564794353
5.428084605676622
5.743649851480569
4.942232235537617
4.182100452506063
3.3692510875949364
4.581754475037515
2.294775278071569
4.074540016875924
4.433307851220867
5.743649851480569
5.743649851480569
5.165319662302951
5.428084605676622
4.942232235537617
4.433307851220867
5.743649851480569
4.433307851220867
3.8870338018656616
7.282455726733179
2.405291776964204
4.7498380114655365
3.592363716823155
3.1929635222412576
2.929269586795992
4.7498380114655365
2.929269586795992
5.743649851480569
5.743649851480569
2.7599083472774444
4.433307851220867
3.1929635222412576
5.743649851480569
4.074540016875924
3.3692510875949364
5.165319662302951
2.644002006844397
5.165319662302951
5.428084605676622
3.8870338018656616
6.625962591506007
1.8148887375906086
4.074540016875924
3.3214714004850414
3.419910032608414
5.165319662302951
4.074540016875924
4.581754475037515
5.428084605676622
5.743649851480569
5.428084605676622
3.1929635222412576
4.7498380114655365
2.3832233289337736
3.658001161400863
4.074540016875924
5.428084605676622
2.929269586795992
2.5327121247875386
3.804641029315433
4.942232235537617
4.942232235537617
4.942232235537617
1.7141965590242203
4.182100452506063
3.9766336878483757
7.282455726733179
4.7498380114655365
4.581754475037515
5.743649851480569
5.428084605676622
4.300987791287931
3.3692510875949364
2.8512704378754457
4.7498380114655365
4.7498380114655365
5.428084605676622
5.165319662302951
5.428084605676622
3.9766336878483757
3.8870338018656616
2.6267046287666407
5.743649851480569
5.428084605676622
4.7498380114655365
5.428084605676622
5.165319662302951
2.125895785217836
6.625962591506007
3.804641029315433
2.876273118980545
3.592363716823155
4.7498380114655365
4.7498380114655365
5.743649851480569
5.165319662302951
3.23354244786902
5.743649851480569
2.8039613478512013
5.165319662302951
5.165319662302951
3.3214714004850414
4.182100452506063
3.804641029315433
3.804641029315433
2.5046339722137247
4.074540016875924
6.132086564794353
5.428084605676622
6.625962591506007
2.5623188510447292
5.165319662302951
5.165319662302951
3.2763112581241653
3.804641029315433
3.1929635222412576
5.428084605676622
6.132086564794353
4.581754475037515
4.433307851220867
5.165319662302951
4.942232235537617
5.428084605676622
5.165319662302951
4.7498380114655365
4.942232235537617
5.743649851480569
5.165319662302951
5.165319662302951
5.743649851480569
6.132086564794353
5.165319662302951
2.7599083472774444
2.6099105233834514
4.581754475037515
2.54731595855469
4.7498380114655365
4.942232235537617
5.428084605676622
4.300987791287931
5.743649851480569
4.182100452506063
5.428084605676622
1.3831670634481201
3.154395904138797
2.3130473361334376
4.074540016875924
2.0207548933347956
6.132086564794353
4.581754475037515
2.2520599659537575
4.942232235537617
4.300987791287931
4.581754475037515
2.902251418958154
3.592363716823155
4.581754475037515
6.132086564794353
5.428084605676622
5.165319662302951
5.743649851480569
4.7498380114655365
6.625962591506007
5.428084605676622
2.661827958950622
5.165319662302951
6.132086564794353
4.7498380114655365
6.625962591506007
7.282455726733179
3.1929635222412576
3.3692510875949364
5.428084605676622
1.377772136817697
5.428084605676622
2.781551221446981
5.428084605676622
3.804641029315433
5.428084605676622
2.2859041120988755
2.8512704378754457
3.3214714004850414
1.851035954463327
2.6267046287666407
4.074540016875924
2.661827958950622
5.428084605676622
5.743649851480569
1.691778090344819
3.473745247862367
4.300987791287931
4.942232235537617
5.165319662302951
5.743649851480569
5.428084605676622
5.165319662302951
3.592363716823155
5.743649851480569
5.428084605676622
4.433307851220867
6.625962591506007
5.165319662302951
3.658001161400863
3.0173010990998224
5.743649851480569
3.8870338018656616
5.428084605676622
2.6267046287666407
4.074540016875924
3.0492541206121033
4.7498380114655365
4.7498380114655365
3.3692510875949364
4.433307851220867
4.300987791287931
3.154395904138797
4.942232235537617
3.8870338018656616
4.433307851220867
3.728548612852335
4.581754475037515
3.1929635222412576
2.125895785217836
3.9766336878483757
5.428084605676622
4.581754475037515
5.428084605676622
5.428084605676622
5.428084605676622
2.986713504528524
4.942232235537617
3.592363716823155
2.699175991536412
1.437559774880345
3.473745247862367
7.282455726733179
5.165319662302951
4.581754475037515
4.942232235537617
3.0492541206121033
6.132086564794353
3.592363716823155
5.743649851480569
5.165319662302951
4.300987791287931
4.942232235537617
6.132086564794353
5.165319662302951
4.942232235537617
3.9766336878483757
4.433307851220867
4.581754475037515
5.165319662302951
3.804641029315433
7.282455726733179
3.9766336878483757
3.5310982005650273
4.433307851220867
2.644002006844397
4.942232235537617
4.7498380114655365
6.132086564794353
5.428084605676622
3.8870338018656616
5.743649851480569
3.658001161400863
4.7498380114655365
4.7498380114655365
5.743649851480569
5.743649851480569
5.165319662302951
4.433307851220867
4.074540016875924
2.738990442936796
3.23354244786902
2.4403352991383276
5.743649851480569
4.7498380114655365
2.902251418958154
3.419910032608414
5.743649851480569
3.9766336878483757
4.7498380114655365
2.3941345070076663
6.625962591506007
3.23354244786902
4.300987791287931
5.165319662302951
4.182100452506063
3.3214714004850414
2.3941345070076663
4.942232235537617
5.743649851480569
5.743649851480569
3.9766336878483757
5.743649851480569
6.132086564794353
4.7498380114655365
6.625962591506007
1.368111960804724
4.581754475037515
4.182100452506063
5.428084605676622
3.9766336878483757
1.882831745119197
4.182100452506063
3.658001161400863
4.7498380114655365
2.661827958950622
5.428084605676622
2.2520599659537575
5.428084605676622
4.433307851220867
3.592363716823155
4.182100452506063
5.428084605676622
4.300987791287931
4.581754475037515
2.3621044623359073
3.804641029315433
5.743649851480569
4.7498380114655365
6.132086564794353
4.300987791287931
3.9766336878483757
6.132086564794353
3.5310982005650273
5.165319662302951
4.433307851220867
5.165319662302951
3.3692510875949364
4.942232235537617
5.428084605676622
4.300987791287931
4.7498380114655365
1.4696469248067638
5.428084605676622
3.419910032608414
3.3214714004850414
5.165319662302951
3.8870338018656616
3.3214714004850414
3.8870338018656616
5.165319662302951
2.929269586795992
4.182100452506063
3.3692510875949364
4.7498380114655365
2.6099105233834514
5.743649851480569
4.433307851220867
2.9573979181364236
6.625962591506007
4.074540016875924
2.718758401364672
5.165319662302951
3.592363716823155
3.117680661967283
5.428084605676622
2.781551221446981
4.7498380114655365
6.132086564794353
4.581754475037515
2.3725494380978716
4.581754475037515
4.300987791287931
5.165319662302951
6.132086564794353
6.625962591506007
6.132086564794353
5.743649851480569
4.074540016875924
6.625962591506007
4.433307851220867
6.132086564794353
1.705957057995191
5.165319662302951
4.074540016875924
6.132086564794353
6.132086564794353
1.6684396410429394
5.165319662302951
4.300987791287931
3.9766336878483757
4.581754475037515
5.165319662302951
4.7498380114655365
2.738990442936796
4.7498380114655365
3.728548612852335
5.165319662302951
4.942232235537617
4.942232235537617
4.433307851220867
4.942232235537617
4.581754475037515
5.165319662302951
3.592363716823155
3.154395904138797
5.743649851480569
6.132086564794353
4.433307851220867
4.942232235537617
3.9766336878483757
5.743649851480569
5.428084605676622
3.8870338018656616
4.300987791287931
4.300987791287931
3.9766336878483757
3.3692510875949364
1.2045969283424487
3.804641029315433
3.082675822784044
4.942232235537617
6.132086564794353
6.625962591506007
4.942232235537617
5.428084605676622
4.581754475037515
3.2763112581241653
5.428084605676622
1.4957100337290494
3.728548612852335
4.581754475037515
3.8870338018656616
4.581754475037515
4.7498380114655365
4.300987791287931
4.581754475037515
5.743649851480569
3.8870338018656616
6.132086564794353
5.428084605676622
6.132086564794353
4.942232235537617
1.3012618658106472
7.282455726733179
5.428084605676622
4.942232235537617
2.1572942109520525
4.182100452506063
1.805332219048287
6.132086564794353
4.7498380114655365
3.2763112581241653
5.165319662302951
3.1929635222412576
4.433307851220867
5.428084605676622
3.728548612852335
7.282455726733179
4.7498380114655365
3.728548612852335
5.428084605676622
9.680191659612971
5.743649851480569
5.428084605676622
6.132086564794353
3.082675822784044
5.428084605676622
3.592363716823155
3.9766336878483757
3.728548612852335
3.082675822784044
3.419910032608414
2.8271845224364722
5.165319662302951
5.165319662302951
3.9766336878483757
6.132086564794353
6.625962591506007
3.728548612852335
4.7498380114655365
6.132086564794353
5.165319662302951
2.781551221446981
6.132086564794353
3.9766336878483757
3.2763112581241653
6.625962591506007
4.581754475037515
3.419910032608414
4.074540016875924
6.625962591506007
2.465111814307034
3.154395904138797
4.7498380114655365
4.300987791287931
5.428084605676622
5.428084605676622
5.428084605676622
6.132086564794353
4.074540016875924
4.7498380114655365
6.132086564794353
5.165319662302951
5.743649851480569
4.182100452506063
4.182100452506063
4.581754475037515
4.074540016875924
5.165319662302951
6.132086564794353
5.428084605676622
5.165319662302951
5.428084605676622
4.7498380114655365
4.7498380114655365
4.942232235537617
5.428084605676622
1.7539610410224429
5.165319662302951
2.3224599544488718
1.3229940602172339
4.433307851220867
4.581754475037515
3.8870338018656616
3.082675822784044
5.428084605676622
6.625962591506007
4.942232235537617
6.625962591506007
1.9321139408910573
2.9573979181364236
3.9766336878483757
4.7498380114655365
4.7498380114655365
5.743649851480569
3.728548612852335
3.658001161400863
6.132086564794353
3.3692510875949364
5.165319662302951
5.428084605676622
2.876273118980545
4.581754475037515
5.165319662302951
5.165319662302951
4.300987791287931
2.198435644570304
3.8870338018656616
3.8870338018656616
4.433307851220867
1.727962161463552
4.074540016875924
4.433307851220867
3.592363716823155
4.942232235537617
5.428084605676622
4.7498380114655365
5.165319662302951
5.165319662302951
5.428084605676622
3.1929635222412576
5.743649851480569
6.132086564794353
3.3692510875949364
3.419910032608414
6.132086564794353
4.7498380114655365
5.165319662302951
3.9766336878483757
6.132086564794353
3.117680661967283
4.942232235537617
5.743649851480569
4.942232235537617
2.699175991536412
2.3130473361334376
6.625962591506007
3.473745247862367
4.074540016875924
4.942232235537617
6.625962591506007
2.428382150264757
3.658001161400863
2.593596044360771
4.7498380114655365
5.743649851480569
5.165319662302951
4.074540016875924
5.165319662302951
3.5310982005650273
3.8870338018656616
5.428084605676622
5.428084605676622
2.986713504528524
5.743649851480569
4.7498380114655365
5.743649851480569
5.428084605676622
5.165319662302951
8.213713583959112
4.581754475037515
5.165319662302951
4.942232235537617
3.3692510875949364
5.743649851480569
4.300987791287931
6.625962591506007
3.8870338018656616
4.7498380114655365
4.942232235537617
6.132086564794353
4.942232235537617
4.942232235537617
4.433307851220867
5.743649851480569
4.7498380114655365
5.743649851480569
3.658001161400863
5.165319662302951
3.658001161400863
5.428084605676622
4.7498380114655365
6.625962591506007
5.428084605676622
4.300987791287931
6.132086564794353
4.942232235537617
5.743649851480569
4.074540016875924
5.165319662302951
1.697979945265835
6.625962591506007
4.7498380114655365
3.3214714004850414
3.8870338018656616
3.9766336878483757
2.902251418958154
4.182100452506063
4.433307851220867
3.3692510875949364
4.300987791287931
1.8593857993962541
1.895250563356678
1.4250303484919544
5.165319662302951
5.743649851480569
4.300987791287931
4.581754475037515
3.3692510875949364
3.3692510875949364
4.942232235537617
3.658001161400863
4.300987791287931
5.165319662302951
5.165319662302951
4.581754475037515
2.2439844631271315
5.165319662302951
5.165319662302951
2.593596044360771
4.942232235537617
3.9766336878483757
5.428084605676622
4.942232235537617
4.7498380114655365
2.0028743651562513
5.428084605676622
3.658001161400863
3.9766336878483757
4.074540016875924
6.132086564794353
5.165319662302951
4.7498380114655365
4.300987791287931
2.8271845224364722
4.7498380114655365
5.743649851480569
5.165319662302951
5.165319662302951
3.804641029315433
2.8271845224364722
2.13816436835131
3.082675822784044
2.593596044360771
6.132086564794353
3.1929635222412576
3.804641029315433
4.074540016875924
5.165319662302951
4.581754475037515
6.132086564794353
2.593596044360771
2.049342010851812
3.9766336878483757
6.132086564794353
5.165319662302951
3.473745247862367
4.942232235537617
4.942232235537617
4.182100452506063
3.804641029315433
5.743649851480569
1.8593857993962541
2.902251418958154
3.658001161400863
4.942232235537617
6.132086564794353
3.2763112581241653
3.154395904138797
2.5327121247875386
3.5310982005650273
2.9573979181364236
5.165319662302951
3.117680661967283
3.592363716823155
5.743649851480569
2.2602849724958305
6.132086564794353
3.419910032608414
4.300987791287931
4.182100452506063
4.074540016875924
2.9573979181364236
6.625962591506007
5.743649851480569
3.728548612852335
5.743649851480569
4.942232235537617
2.3941345070076663
6.132086564794353
3.592363716823155
5.428084605676622
3.3692510875949364
4.433307851220867
6.132086564794353
5.743649851480569
4.942232235537617
5.165319662302951
4.433307851220867
6.625962591506007
3.728548612852335
3.592363716823155
4.300987791287931
4.074540016875924
6.132086564794353
4.942232235537617
7.282455726733179
4.433307851220867
4.942232235537617
4.942232235537617
4.300987791287931
4.7498380114655365
5.428084605676622
4.7498380114655365
2.294775278071569
3.0173010990998224
5.428084605676622
5.165319662302951
4.074540016875924
4.074540016875924
3.419910032608414
5.165319662302951
5.743649851480569
3.8870338018656616
4.581754475037515
4.7498380114655365
2.3725494380978716
2.0543291839340383
2.4525747021439126
6.132086564794353
4.300987791287931
4.942232235537617
5.743649851480569
4.300987791287931
5.165319662302951
3.3214714004850414
3.9766336878483757
4.433307851220867
5.743649851480569
5.165319662302951
3.804641029315433
3.728548612852335
4.581754475037515
3.9766336878483757
4.433307851220867
7.282455726733179
4.942232235537617
4.942232235537617
5.428084605676622
2.277202131093768
6.625962591506007
6.132086564794353
1.7227129552563478
4.581754475037515
3.2763112581241653
3.9766336878483757
4.074540016875924
1.4544356419105235
5.428084605676622
5.428084605676622
3.419910032608414
5.428084605676622
4.433307851220867
3.658001161400863
2.3621044623359073
2.5046339722137247
3.8870338018656616
2.718758401364672
5.743649851480569
5.743649851480569
2.718758401364672
3.1929635222412576
4.942232235537617
3.082675822784044
5.165319662302951
4.300987791287931
5.428084605676622
2.8039613478512013
2.718758401364672
4.7498380114655365
5.428084605676622
4.581754475037515
2.3418697706520644
2.0207548933347956
3.9766336878483757
3.5310982005650273
2.405291776964204
3.419910032608414
1.5133120433750207
3.8870338018656616
5.428084605676622
1.9182200460796477
5.428084605676622
5.743649851480569
3.592363716823155
3.0173010990998224
4.7498380114655365
3.8870338018656616
5.428084605676622
4.433307851220867
4.581754475037515
6.132086564794353
2.3320652409615645
3.658001161400863
5.743649851480569
4.942232235537617
2.929269586795992
4.942232235537617
2.8271845224364722
4.7498380114655365
2.351880435108538
5.165319662302951
4.182100452506063
4.182100452506063
5.165319662302951
2.4779587389920934
3.3692510875949364
3.592363716823155
5.428084605676622
6.625962591506007
1.8006709659046716
5.743649851480569
6.625962591506007
5.743649851480569
4.581754475037515
4.942232235537617
2.4911282756965765
4.942232235537617
1.7125269871597366
4.182100452506063
5.743649851480569
5.743649851480569
4.433307851220867
5.165319662302951
5.428084605676622
3.592363716823155
5.743649851480569
4.182100452506063
4.942232235537617
4.942232235537617
4.300987791287931
2.781551221446981
7.282455726733179
3.8870338018656616
4.942232235537617
5.428084605676622
3.9766336878483757
3.154395904138797
5.743649851480569
4.7498380114655365
3.8870338018656616
5.165319662302951
3.23354244786902
5.743649851480569
6.132086564794353
7.282455726733179
3.8870338018656616
3.419910032608414
3.8870338018656616
3.592363716823155
1.705957057995191
4.581754475037515
3.5310982005650273
4.300987791287931
3.5310982005650273
4.7498380114655365
2.518490181642778
6.132086564794353
4.433307851220867
3.8870338018656616
5.743649851480569
6.132086564794353
5.743649851480569
5.743649851480569
4.7498380114655365
6.625962591506007
2.108172749702435
3.0173010990998224
6.132086564794353
1.8622207862092595
6.132086564794353
5.165319662302951
3.3692510875949364
4.581754475037515
5.428084605676622
6.132086564794353
2.5046339722137247
4.433307851220867
2.8512704378754457
6.625962591506007
5.165319662302951
4.300987791287931
2.902251418958154
2.2130917519921085
6.132086564794353
4.942232235537617
3.804641029315433
4.942232235537617
5.743649851480569
3.0173010990998224
3.419910032608414
5.165319662302951
4.7498380114655365
4.942232235537617
4.300987791287931
5.165319662302951
3.5310982005650273
3.3214714004850414
2.1198996964683365
3.3692510875949364
5.743649851480569
6.132086564794353
4.942232235537617
2.7599083472774444
3.9766336878483757
4.433307851220867
2.277202131093768
1.7500864259111317
2.6099105233834514
4.581754475037515
5.743649851480569
5.165319662302951
2.8512704378754457
4.942232235537617
5.743649851480569
5.743649851480569
3.728548612852335
3.658001161400863
4.182100452506063
4.433307851220867
3.473745247862367
4.300987791287931
3.9766336878483757
5.428084605676622
4.182100452506063
5.165319662302951
5.743649851480569
6.132086564794353
5.165319662302951
3.804641029315433
4.300987791287931
5.165319662302951
6.625962591506007
3.9766336878483757
4.182100452506063
1.8148887375906086
6.625962591506007
5.743649851480569
2.718758401364672
4.581754475037515
4.7498380114655365
5.428084605676622
4.182100452506063
4.581754475037515
3.23354244786902
3.8870338018656616
4.433307851220867
3.9766336878483757
3.0173010990998224
6.132086564794353
4.074540016875924
3.5310982005650273
5.743649851480569
2.3725494380978716
6.132086564794353
4.300987791287931
5.428084605676622
3.804641029315433
2.3941345070076663
6.132086564794353
4.074540016875924
3.5310982005650273
5.165319662302951
5.165319662302951
7.282455726733179
5.428084605676622
4.074540016875924
4.7498380114655365
1.895250563356678
4.182100452506063
3.804641029315433
6.625962591506007
4.7498380114655365
3.9766336878483757
3.0492541206121033
5.743649851480569
4.581754475037515
3.728548612852335
3.3692510875949364
1.595333836973389
1.7763276269650816
4.942232235537617
2.1572942109520525
2.125895785217836
5.165319662302951
6.132086564794353
4.7498380114655365
5.165319662302951
3.5310982005650273
3.5310982005650273
7.282455726733179
5.428084605676622
5.743649851480569
6.132086564794353
1.9696144139421077
5.428084605676622
5.165319662302951
5.428084605676622
4.074540016875924
6.132086564794353
3.2763112581241653
4.7498380114655365
4.182100452506063
1.1634435834582983
5.428084605676622
4.433307851220867
5.743649851480569
3.658001161400863
6.132086564794353
1.1150733563513961
5.743649851480569
5.428084605676622
5.165319662302951
4.581754475037515
5.428084605676622
3.0492541206121033
5.743649851480569
5.428084605676622
4.942232235537617
4.581754475037515
5.428084605676622
6.625962591506007
2.049342010851812
4.433307851220867
2.518490181642778
5.743649851480569
5.428084605676622
6.132086564794353
5.165319662302951
6.132086564794353
4.7498380114655365
4.942232235537617
1.981718907187772
3.8870338018656616
2.680209592869155
4.581754475037515
2.416704404985464
5.428084605676622
5.743649851480569
4.433307851220867
2.4403352991383276
5.428084605676622
2.2602849724958305
1.705957057995191
4.300987791287931
1.6754928712891792
4.581754475037515
4.433307851220867
4.942232235537617
1.946617090301876
4.300987791287931
2.3320652409615645
6.132086564794353
2.3320652409615645
2.2439844631271315
1.5512655480152766
2.929269586795992
3.3214714004850414
4.7498380114655365
3.5310982005650273
5.165319662302951
3.9766336878483757
3.9766336878483757
6.132086564794353
6.132086564794353
4.182100452506063
2.416704404985464
4.074540016875924
6.625962591506007
3.728548612852335
4.7498380114655365
3.3692510875949364
6.132086564794353
4.7498380114655365
5.743649851480569
4.7498380114655365
3.8870338018656616
4.074540016875924
4.942232235537617
6.132086564794353
4.300987791287931
5.428084605676622
